0.0 0.319486702944 0.0 0.0 
0.0 0.825168283172 0.0 0.0 
0.0 0.850138497182 0.0 0.0 
0.0 0.604168479462 0.0 0.0 
0.741672585546 0.571155962385 0.0 0.0 
0.426751607752 0.555272263241 0.0 0.0 
0.0 0.515145102162 0.0 0.0 
0.0 0.661778555243 0.0 0.321080275134 
0.0 0.482812339132 0.0 0.79533700487 
0.0 0.526723124195 0.0 0.0 
0.0 0.854939112348 0.0 0.0 
0.470760882764 0.578471334636 0.0 0.0 
0.728048617797 0.646730243281 0.0 0.0 
0.858588084735 0.727869785485 0.0 0.0 
0.566303767877 0.620800640249 0.0 0.0 
0.296136545957 0.50350277007 0.998720459155 0.0 
0.589812048931 0.578439013619 0.0 0.0 
0.0 0.530994888652 0.0 0.0 
0.583152169985 0.712110143705 0.0 0.0 
0.716700812762 0.674931392692 0.185107391941 0.0 
0.65275060177 0.583789197609 0.0 0.0 
0.734214571123 0.566817227636 0.0 0.0 
0.613495309758 0.51901469159 0.0 0.0 
0.0 0.390557024049 0.0 0.0 
0.0 0.511414403493 0.0 0.0 
0.780784108016 0.45217199257 0.923053098774 0.0 
0.80195727446 0.572156963062 0.0 0.0 
0.838011170744 0.594469570125 0.0 0.0 
0.750307517877 0.514804972089 0.0 0.756823936837 
0.830134872488 0.57652851221 0.0 0.0 
0.0 0.608686721506 0.0 0.0 
0.0 0.488296045316 0.0 0.0 
0.474299505465 0.589502812682 0.0 0.0 
0.892918275332 0.56190910737 0.0 0.0 
0.814942369454 0.502320436035 0.0 0.0 
0.564890891871 0.430110216563 0.744975177547 0.754176579543 
0.545346013004 0.481832188221 0.0 0.245565238903 
0.0 0.539540092488 0.0 0.0 
0.0 0.462988603631 0.0 0.0 
0.641769723745 0.575647741313 0.54492692024 0.0 
0.550935706929 0.476792217655 0.999215992448 0.519841118104 
0.769155226136 0.500774479421 0.0 0.790272772282 
0.14953969443 0.48712808115 0.0 0.0 
0.396054560656 0.552896043076 0.0 0.0 
0.0 0.605070205076 0.94834614614 0.0 
0.0 0.720446797734 0.0 0.0 
0.0 0.669617056874 0.0 0.806201048178 
0.0 0.481116593919 0.0 0.0 
0.0 0.238244205104 0.0 0.0 
0.0 0.0335810752165 0.0 0.0 
0.0 0.634677714855 0.0 0.0 
0.0 0.152384237655 0.0 0.0 
0.0 0.729988391185 0.0 0.0 
0.0 0.495713286328 0.0 0.0 
0.0 0.330018009559 0.0 0.0 
0.0 0.548831945569 0.0 0.0 
0.0 0.51331625664 0.0 0.0 
0.0 0.457770800615 0.0 0.0 
0.0 0.666272635795 0.0 0.0 
0.835318952315 0.5488968793 0.0 0.0 
0.749823859712 0.521340763081 0.0 0.0 
0.572640760097 0.489284809892 0.0 0.0 
0.732295381298 0.557530925494 0.924369201243 0.3867673941 
0.637834194232 0.738240709639 0.795209909932 0.995966202055 
0.413625834535 0.50757307376 0.0 0.803231860941 
0.0 0.57697778369 0.0 0.0 
0.0 0.702249216672 0.0 0.0 
0.450653774349 0.690631209539 0.866325588908 0.92349989471 
0.64699063794 0.680551419007 0.756115867268 0.3632726989 
0.548591760684 0.639908927109 0.932823205353 0.584494811944 
0.55829030062 0.735172635508 0.560314768008 0.0 
0.833073520229 0.612290835595 0.776414824358 0.0 
0.0 0.624385315995 0.628563018384 0.0 
0.0 0.526202919538 0.0 0.0 
0.724577524445 0.658117313668 0.728042252612 0.0 
0.505866547115 0.706432594577 0.537210669067 0.0 
0.669808094905 0.810385159132 0.54219956383 0.0 
0.748254946612 0.728250820777 0.752821062533 0.0 
0.661953829449 0.568330257595 0.502363719366 0.0 
0.0 0.493655953559 0.90342399782 0.0 
0.0 0.81053608723 0.0 0.0 
0.730473148966 0.611034839966 0.30144785012 0.0 
0.828837237255 0.554068236313 0.807683058649 0.0 
0.632995675831 0.484531991154 0.601744561782 0.0 
0.601396991601 0.599995881307 0.0 0.0 
0.49303506244 0.437866766807 0.583407979322 0.0 
0.0 0.516599044336 0.781662096199 0.0 
0.0 0.592983795298 0.972624578066 0.0 
0.875311805385 0.525165653692 0.883689642318 0.0 
0.0 0.58999317158 0.660938916829 0.0 
0.780746915954 0.621966166327 0.909082688976 0.0 
0.710147982217 0.540305292046 0.790841921997 0.0 
0.802167212546 0.539226647991 0.695833421631 0.986363055851 
0.0 0.525730785825 0.0 0.0 
0.0 0.970834831332 0.0 0.0 
0.0 0.551649257058 0.0 0.105786994826 
0.727019557352 0.611449713454 0.706100267429 0.0 
0.706787118598 0.680140481856 0.727306130556 0.0 
0.624798720492 0.604139575649 0.57712534267 0.999916034359 
0.653739854012 0.509539054634 0.723855072513 0.732563785696 
0.0 0.551163237948 0.992375718778 0.0 
0.0 0.816925229841 0.899473396744 0.0 
0.661324000949 0.590295625031 0.641218305676 0.0 
0.643037883168 0.558025682441 0.786883314632 0.0 
0.673312272624 0.662125668808 0.934826140408 0.0 
0.634199161267 0.667642048841 0.935695744167 0.996719190814 
0.0 0.636851540185 0.776843400571 0.0 
0.0 0.656585366856 0.871053538242 0.0 
0.0 0.607890922183 0.359568485414 0.0 
0.736940950409 0.564111442993 0.779238104464 0.0 
0.70756725319 0.596959888233 0.655778579449 0.0 
0.801288204512 0.704128974316 0.749521959722 0.873518104468 
0.573467946613 0.561852736115 0.73736618444 0.0 
0.689245022072 0.574523259498 0.829070047953 0.0 
0.0 0.562837140691 0.704643692069 0.0 
0.0 0.762534196106 0.765785127877 0.0 
0.771383793905 0.638918804183 0.771559836055 0.931793289612 
0.810328235116 0.627791512221 0.755496628482 0.998354175101 
0.972822039219 0.631168777468 0.744148310741 0.996769474891 
0.0 0.5415383145 0.860844028578 0.0 
0.0 0.560970098612 0.0 0.0 
0.0 0.615139425415 0.807751471474 0.0 
0.0 0.60460410598 0.919620541825 0.0 
0.840515852104 0.70426104409 0.744637548228 0.833073689549 
0.837910182506 0.574957598357 0.531993803902 0.0 
0.765743250758 0.612090459421 0.613810099312 0.0 
0.760698260284 0.693436888418 0.290294602366 0.0 
0.850649252949 0.526871844771 0.182134981365 0.0 
0.0 0.515173372734 0.0 0.233887120539 
0.0 0.865170545415 0.0 0.0 
0.682333990772 0.543088836365 0.149118535813 0.725688882308 
0.722956849276 0.729171089308 0.75049650037 0.0 
0.729237433299 0.617660805056 0.635166274992 0.0 
0.711737951645 0.483456038964 0.747484769771 0.0 
0.647935829496 0.647514788007 0.672369305689 0.0 
0.0 0.766383834956 0.0 0.0 
0.0 0.395668287274 0.0 0.0 
0.600612981238 0.521022424385 0.0 0.0 
0.762976201837 0.695529812783 0.0 0.0 
0.840759311668 0.645999818161 0.0 0.0 
0.845148203689 0.575413901343 0.0 0.476592093896 
0.700621261145 0.626798037812 0.0 0.0 
0.0 0.666223628449 0.0 0.0 
0.0 0.84037761605 0.955809825581 0.0 
0.876713268341 0.625967690852 0.769628227618 0.0 
0.710331891385 0.634665547906 0.276109786611 0.0 
0.7220268024 0.678164540358 0.495654894982 0.0 
0.802945740357 0.396054016711 0.880482551766 0.0 
0.0 0.502513934767 0.0 0.0 
0.0 0.70714696693 0.0 0.0 
0.0 0.663031748799 0.555418469542 0.0 
0.857322723297 0.447790999527 0.0 0.0 
0.770208474696 0.610979968284 0.997585470453 0.0 
0.708180471343 0.49175690296 0.0 0.0 
0.99844570416 0.67053845701 0.670204227903 0.0 
0.761635733445 0.532401528657 0.269107181974 0.526297583443 
0.0 0.554600954484 0.0 0.0 
0.0 0.377763079349 0.982303847003 0.0 
0.662146257099 0.60362045694 0.639692554997 0.502349265123 
0.653104559151 0.590864700034 0.986569820582 0.888421095291 
0.762785461488 0.591696937389 0.664506240999 0.0 
0.79162862046 0.546640593547 0.767109509467 0.0 
0.77754160353 0.501598287074 0.531831995721 0.0 
0.0 0.534900427809 0.0 0.0 
0.0 0.634550637314 0.0 0.0 
0.784661280177 0.542839468851 0.782183047299 0.63703385922 
0.615948596931 0.428007486893 0.919618866212 0.0 
0.799470556095 0.544138914275 0.304858667112 0.0 
0.900582504561 0.707449784094 0.651923575541 0.0 
0.755428678861 0.538080268955 0.0 0.0 
0.0 0.409198502341 0.714983729705 0.0 
0.0 0.307064127505 0.0 0.0 
0.0 0.709281826196 0.922661634556 0.0 
0.0 0.464986445522 0.0 0.0 
0.685642061464 0.526753490084 0.0 0.0 
0.756862634099 0.525023729749 0.910722813307 0.0 
0.848390937265 0.654798504663 0.730972405395 0.0 
0.0 0.696044697646 0.958918696773 0.0 
0.0 0.58490048021 0.0 0.0 
0.727877276069 0.614032807777 0.583906038311 0.0 
0.7427989174 0.700306339525 0.0 0.0 
0.900462906807 0.575655964634 0.850612199327 0.997148021449 
0.700431809113 0.496959378261 0.674902369029 0.0 
0.838244761544 0.540947299714 0.0 0.0 
0.0 0.543446315079 0.0 0.0 
0.0 0.599547295814 0.0 0.0 
0.49819004292 0.605450504119 0.0 0.0 
0.0 0.529622103177 0.0 0.193268118101 
0.975447180157 0.606602781015 0.0 0.0 
0.799569915949 0.599883796691 0.691247937466 0.653642574708 
0.589823571624 0.468416142363 0.998785848681 0.0 
0.0280066191107 0.657057827563 0.0 0.0 
0.0 0.401506189064 0.0 0.0 
0.888623813198 0.475197397151 0.0 0.995338836165 
0.70744762726 0.551524675683 0.992008216511 0.940129363678 
0.760673936545 0.663458087664 0.832874463885 0.0 
0.621231097079 0.637955685905 0.678775830356 0.0 
0.582976508718 0.524708953322 0.968105168675 0.0 
0.0 0.499130366966 0.0 0.0 
0.0 0.496954782102 0.0 0.0 
0.841613483514 0.654471090677 0.0 0.0 
0.744764223796 0.650916793469 0.913993657079 0.0 
0.634286362194 0.668316390672 0.0 0.0 
0.709850868517 0.618523643606 0.641353995631 0.0 
0.714404789818 0.457689776773 0.687787027963 0.0 
0.0 0.445640190448 0.747750819867 0.0 
0.0 0.651126780337 0.528912300664 0.0 
0.753450868469 0.522142670684 0.608164958233 0.0 
0.631346820469 0.552110049578 0.551427047919 0.0 
0.766874023512 0.4918600713 0.653829966467 0.0 
0.887152504837 0.471900296636 0.650600375734 0.0 
0.512307383926 0.36719883432 0.619583169802 0.0 
0.0 0.460376797144 0.531948188153 0.0 
0.0 0.196448167324 0.748984720123 0.0 
0.868182002603 0.632966480562 0.560412198274 0.0 
0.0 0.576224991662 0.58595775101 0.0 
0.73133534143 0.603357320289 0.621281527691 0.0 
0.75421661399 0.53705009445 0.646625957074 0.0 
0.680865220981 0.505548537084 0.390097314885 0.0 
0.0 0.596208969578 0.439956144437 0.0 
0.0 0.578436868253 0.420224792142 0.326175270857 
0.883415313109 0.586035377842 0.712780816354 0.903759952341 
0.744077034487 0.536770875378 0.750655370544 0.0 
0.82608345332 0.624758772757 0.74601539803 0.0 
0.753328234809 0.643377073113 0.396569823292 0.0 
0.907859779911 0.403876486442 0.742449895947 0.0 
0.0 0.259317357863 0.66628186698 0.0 
0.0 0.81671101969 0.232083587891 0.0 
0.678604838484 0.47158835289 0.559176587989 0.0 
0.823964893283 0.436245715716 0.594747108228 0.0 
0.494736162717 0.475845145306 0.65613461564 0.0 
0.917654067022 0.612844024611 0.710061217022 0.0 
0.64209698256 0.576900505234 0.533111668589 0.0 
0.0 0.333923267593 0.919857993221 0.0 
0.0 0.724812442338 0.0 0.0 
0.796341809533 0.648730643224 0.454043861291 0.0 
0.650988533823 0.705234228786 0.780809278828 0.0 
0.774855976099 0.484575713771 0.477079051818 0.214763408088 
0.681911537327 0.558304057019 0.632909001582 0.0 
0.670077503819 0.598823104027 0.805998954912 0.0 
0.0 0.631033149067 0.169170645888 0.0 
0.0 0.852442326037 0.635434174147 0.0 
0.714676541261 0.688897819121 0.424849444258 0.0 
0.774704980889 0.639057508818 0.476584471811 0.0 
0.0 0.493099111726 0.789262825202 0.0 
0.0 0.305610410684 0.0 0.0 
0.0 0.0 0.0 0.952203443352 
0.0 0.849640394328 0.0 0.0 
0.342084078384 0.707823824751 0.513151043612 0.0 
0.416603695602 0.549229267137 0.817128359234 0.0 
0.359593970112 0.424364761853 0.71650970549 0.963755463718 
0.511940411472 0.605555238753 0.888542639303 0.906591089543 
0.845246943669 0.361354873955 0.669640525484 0.810208634326 
0.795750024617 0.573492684222 0.439090400416 0.997646045349 
0.0 0.562455800413 0.403527241553 0.0 
0.0 0.686858094348 0.583791053189 0.0 
0.848044046225 0.706282844247 0.573439581765 0.0 
0.710338775945 0.549161071208 0.764769169446 0.0 
0.689391329887 0.475273832881 0.538956998196 0.0 
0.593902977454 0.319747144634 0.870846708977 0.0 
0.737554509865 0.472654623871 0.75179332433 0.497981558636 
0.996219825093 0.548956752229 0.183057207832 0.0 
0.0 0.538594933082 0.0 0.0 
0.720476319286 0.610980357243 0.631173874615 0.988639231026 
0.747532756039 0.648269359708 0.77674513662 0.802379384793 
0.7996085388 0.639720892106 0.917740962581 0.676290880194 
0.51426501188 0.666690773516 0.831921370783 0.729751170192 
0.707533267304 0.52710606728 0.525552982727 0.778121079263 
0.0 0.590829237315 0.0 0.0 
0.0 0.578728121111 0.0 0.0 
0.0 0.557317981889 0.447442401674 0.888132307584 
0.0 0.545075683686 0.768736380316 0.998111507684 
0.765905510583 0.527007756176 0.546303490347 0.0 
0.416441536046 0.520099109195 0.902953169595 0.990203237591 
0.972441875923 0.707075214971 0.0 0.0 
0.0 0.189048877084 0.147723869548 0.0 
0.341594364277 0.0 0.976125868651 0.0 
0.885451609863 0.995680546086 0.0 0.0 
0.630688844947 0.0 0.0 0.900167892549 
0.609921408625 0.501702083251 0.0 0.571813828307 
0.6301674129 0.514766382817 0.536672499803 0.0 
0.631146158967 0.480103501448 0.693343677786 0.644085087723 
0.69208542108 0.492532871745 0.81479376013 0.0 
0.573493682201 0.507604002825 0.791903065426 0.958597867324 
0.586397822157 0.600031513918 0.748532461788 0.382975603397 
0.57279511695 0.510151849394 0.61439816242 0.0 
0.571937645489 0.501544983886 0.0 0.625067627456 
0.638303755829 0.601186247779 0.0 0.807983249044 
0.608254321069 0.454828371771 0.996582885058 0.656341436627 
0.579363825446 0.611793766608 0.0 0.519168881722 
0.539439369795 0.753650845576 0.0 0.0 
0.652793631552 0.634359383653 0.651829860728 0.62786608619 
0.615791097774 0.529098771056 0.732472342242 0.998599881805 
0.611431810436 0.649086126368 0.62964964238 0.56263021661 
0.636053511356 0.555522015486 0.585604963095 0.702597835435 
0.592014548439 0.625706225311 0.664582197227 0.420332573669 
0.687408751482 0.547419258942 0.696964425297 0.0 
0.644268074604 0.674443280276 0.997861091659 0.0 
0.588993981352 0.595903888742 0.734653087451 0.683981379046 
0.589488407816 0.634575847405 0.689904543386 0.77483515941 
0.650228502934 0.593856363643 0.581697400344 0.897655623876 
0.617747381119 0.593119525635 0.758860652191 0.936671049119 
0.612003948818 0.537283575943 0.92905693538 0.632554431407 
0.513519328649 0.487721905106 0.761837960196 0.0 
0.594501205028 0.458480414224 0.0 0.0 
0.649919261431 0.594709158936 0.631799126435 0.987000050491 
0.62905380996 0.575270531014 0.803966905213 0.695446246319 
0.589520692002 0.515174207263 0.809671242774 0.999040817592 
0.62887007313 0.420349473828 0.664460683875 0.757747252495 
0.629526554471 0.438948591183 0.846209846261 0.0 
0.694258256273 0.384271808025 0.951119184444 0.0 
0.538174342692 0.492482549682 0.712063940859 0.0 
0.585583466227 0.584264682276 0.594243181034 0.963873592117 
0.620295039037 0.549534552371 0.471110749449 0.759073894587 
0.589905903404 0.729089326375 0.667721102248 0.999718509447 
0.607269961752 0.707917573188 0.57772018562 0.886602595361 
0.672330787573 0.568832157307 0.584544572954 0.0 
0.865830279516 0.465667184491 0.0 0.0 
0.594554901467 0.816191016672 0.0 0.0 
0.629200567136 0.545974747497 0.0 0.976647031974 
0.677375175805 0.668550294947 0.0 0.0 
0.66647762502 0.628950551658 0.430052845121 0.0430133907059 
0.689299609569 0.633127223928 0.676373128291 0.999907786169 
0.616843337716 0.512026656052 0.764161812319 0.0 
0.526807315364 0.548818233391 0.53484943344 0.0 
0.701378135194 0.733329150858 0.71412222678 0.0 
0.620524447677 0.560926081068 0.747533728851 0.984272463113 
0.65207647721 0.580010473264 0.632617652565 0.0 
0.650284954685 0.702490571133 0.662425003708 0.0 
0.684846376971 0.662218761366 0.550715124456 0.714646692653 
0.639867801849 0.583503698315 0.692523343803 0.0 
0.871134792566 0.573732387811 0.0 0.0 
0.638953144709 0.562866805511 0.998678278421 0.0 
0.629637586856 0.626082292347 0.70196978359 0.0 
0.602554287871 0.691364491465 0.681893859202 0.834518409157 
0.625012697634 0.478706614195 0.713718470236 0.0 
0.576236154915 0.625374799234 0.861972103186 0.942981588984 
0.599733315453 0.521798330798 0.611637648264 0.0 
0.485107592472 0.681745891084 0.355468342921 0.0 
0.542125868504 0.661111318599 0.0 0.0 
0.587376980278 0.535629059943 0.48664647897 0.878278875436 
0.619607887292 0.575178099728 0.685967249084 0.553362266686 
0.599680499801 0.647965325092 0.867024332821 0.882113636791 
0.573174163714 0.637475035492 0.72075241412 0.0 
0.648687503345 0.561535419437 0.3979335182 0.510309604098 
0.45536957141 0.511920957153 0.999669885297 0.0 
0.704868682143 0.640634747862 0.992151775607 0.588293135467 
0.634455335395 0.594048620439 0.652569644679 0.0 
0.647429071249 0.495731546065 0.787506937326 0.0 
0.649372347448 0.664810460162 0.886442097296 0.884225871844 
0.642227028479 0.542166414199 0.558121777659 0.974654159514 
0.6083779929 0.590211428914 0.652083419725 0.986216046235 
0.560698329282 0.695095180638 0.605195251832 0.0 
0.562973530008 0.290992092308 0.638402507371 0.0 
0.556014560252 0.645132348272 0.656396940439 0.0 
0.628766295224 0.455843448751 0.62776352526 0.253213828158 
0.532078321256 0.746584179841 0.540027768451 0.982508707072 
0.653365934056 0.714004670714 0.645720483828 0.999284410137 
0.596516445967 0.625210213868 0.643669437129 0.0 
0.0 0.655508816902 0.941629179442 0.0 
0.618832956086 0.787608899629 0.877092981295 0.0 
0.572465275229 0.619154162661 0.74142007492 0.0 
0.622035084243 0.547260320724 0.710824017277 0.0 
0.581822152864 0.692568130649 0.769909427876 0.0 
0.576479503845 0.576403395054 0.689088453483 0.0 
0.0 0.661403363022 0.0 0.0 
0.123211298998 0.0229297631679 0.0 0.0 
0.70163614617 0.477220694502 0.0 0.0 
0.616048095999 0.498791492077 0.774337777104 0.0 
0.517432994451 0.552993395908 0.766663529777 0.0 
0.499827570132 0.6033589321 0.719430908495 0.681735692357 
0.577782304876 0.640332953834 0.642504408653 0.0 
0.524811932624 0.627586346078 0.583694225906 0.89580014116 
0.343029869224 0.706110344349 0.190198658733 0.0816393217414 
0.570857527638 0.86430795375 0.709504834023 0.939421627625 
0.481005535295 0.61090456179 0.808253423392 0.991342640814 
0.555749328066 0.591121799211 0.679139893122 0.949864360522 
0.570093913886 0.428002167335 0.716191874169 0.0 
0.490399729491 0.574239450322 0.733278373994 0.0 
0.585065845367 0.581824017368 0.576244100248 0.949200256673 
0.390261853745 0.585964987948 0.539276318283 0.992989641328 
0.58016275635 0.794259710809 0.0 0.0 
0.540385305482 0.71991969664 0.620431808773 0.789339349145 
0.549750070847 0.71905736083 0.686969901437 0.858732978342 
0.592116413185 0.491432747891 0.732078767307 0.687145241505 
0.518501861716 0.721839591302 0.551905712992 0.514705313177 
0.6103912489 0.47046255676 0.606663655913 0.311071570184 
0.679736753273 0.45199777746 0.727172682677 0.355535977651 
0.535478390183 0.503781438503 0.0 0.882081328579 
0.567951447479 0.524675573052 0.671413376555 0.428565944771 
0.606891165265 0.609923851714 0.700859350741 0.433016707232 
0.528989654218 0.632842832585 0.691933385565 0.43088305118 
0.491919198719 0.538699289931 0.721374451454 0.702067971856 
0.506077713367 0.562650384153 0.697672265861 0.561321287982 
0.600352882573 0.738487169181 0.911695154909 0.358823302184 
0.357573509934 0.493855393583 0.0 0.996606932067 
0.547866720593 0.679127432946 0.770275804028 0.496258834512 
0.546967115415 0.502392265623 0.689167866174 0.568412281031 
0.590476661697 0.481746545241 0.554299709831 0.467676379154 
0.548933081732 0.526616397257 0.540329078361 0.712668333868 
0.543223576714 0.608894876447 0.0 0.682102961078 
0.152346540413 0.541199257708 0.0 0.0 
0.0716932201263 0.0 0.0 0.0 
0.693271334534 0.0 0.0 0.085199065393 
0.616006047065 0.770954391044 0.880501816633 0.0 
0.500381495445 0.357621923024 0.55710541961 0.0 
0.925149665449 0.729272484263 0.993047285042 0.965719865409 
0.398131327837 0.0 0.0 0.296215990883 
0.518491162156 0.999947041592 0.0 0.927166372945 
0.47402546361 0.99946517303 0.645484026421 0.552258955248 
0.555723827606 0.463091703651 0.636204061452 0.587733197141 
0.602092903899 0.379816536975 0.672854854223 0.541188132119 
0.624737872854 0.481962522247 0.414284748715 0.695549620526 
0.678061195801 0.64193188695 0.790790719372 0.644554355981 
0.608380759438 0.588668372041 0.664239410809 0.73898240737 
0.648960618906 0.710907011931 0.768813810317 0.541549301506 
0.45708732696 0.613313569937 0.0 0.0 
0.574893299885 0.620476380545 0.779024496822 0.375132173797 
0.625137977518 0.668598542341 0.611163116153 0.327455450066 
0.624813383622 0.413702055573 0.760559182049 0.503391862391 
0.645252268874 0.62841407793 0.913868266373 0.734029922449 
0.589771378092 0.622626502406 0.571803876245 0.530777976845 
0.558907724959 0.664302073846 0.963120729658 0.430831819908 
0.58117253633 0.104497241935 0.0 0.221863681227 
0.60154952436 0.696609766638 0.536772249574 0.50628063327 
0.563219259192 0.501092985001 0.0132660903884 0.453016965545 
0.58337200365 0.567014112898 0.592948743227 0.377562650455 
0.601390562231 0.697657225395 0.71978777517 0.349911226213 
0.627184119099 0.567120227358 0.481221353278 0.284862111846 
0.552471427137 0.552355225373 0.783768280826 0.298053876758 
0.528808304878 0.786026890551 0.0 0.0 
0.61363134658 0.656187639962 0.561994758682 0.426295861784 
0.614245697179 0.706798217662 0.805244409605 0.199377956508 
0.594786034759 0.614172356722 0.700227470896 0.580752411456 
0.621302647644 0.702108545331 0.646214882061 0.566904391267 
0.60455168607 0.528962608606 0.716029833579 0.4263377674 
0.740637026927 0.722612304828 0.966464407368 0.385582665602 
0.66413104291 0.554520520104 0.0 0.0 
0.643445533495 0.731759731151 0.392379120232 0.33378596083 
0.586517980392 0.70225198408 0.707206898031 0.393791922816 
0.609189435685 0.617049955499 0.447885434418 0.35194475079 
0.547780468642 0.543445675704 0.500737171686 0.449475151072 
0.540362491043 0.538143560664 0.570248484177 0.344398325111 
0.706150885789 0.644934581997 0.559724189269 0.321441441731 
0.548738365247 0.743183873122 0.0 0.0 
0.610035233198 0.608480169062 0.634404500628 0.478920909982 
0.580111409253 0.669286546842 0.777598032984 0.57117781748 
0.543095659093 0.46010610587 0.522814548153 0.504786291096 
0.655303967976 0.495850406007 0.32001964525 0.32013458589 
0.660835008051 0.441142377374 0.671603989926 0.313869313326 
0.0 0.472286998413 0.459167705046 0.421056665937 
0.617173816098 0.189529508249 0.0 0.0 
0.552930643019 0.582907227135 0.679697412109 0.432506059627 
0.580135454822 0.529675555706 0.632679226786 0.390532846056 
0.62174577968 0.591263161691 0.606088628361 0.392832886499 
0.571401123009 0.517314797817 0.564643488782 0.475066854089 
0.552202502456 0.577757751147 0.53970674443 0.407986583165 
0.546344202187 0.71622796014 0.0 0.00125033473175 
0.0 0.606346492059 0.292825940462 0.0 
0.555733724091 0.248548238767 0.0 0.433377684415 
0.570972269671 0.534646865335 0.523608981403 0.470063682253 
0.511387686623 0.53868665025 0.892269722572 0.44494199393 
0.570661589044 0.544701265919 0.697751520929 0.440787595466 
0.616058589046 0.650298032417 0.678427189685 0.412101802535 
0.388357113531 0.729238755864 0.86681167821 0.54302907664 
0.485984483867 0.462630099287 0.0 0.195402363521 
0.573385040882 0.584578844228 0.557327536313 0.406782273806 
0.567217951237 0.575731652112 0.563085474357 0.434379743594 
0.578343704611 0.698362586269 0.70947034687 0.382099037252 
0.591266219733 0.446543202103 0.539475833488 0.432306213927 
0.555468948114 0.489169914761 0.610690532743 0.630787260445 
0.566702675531 0.371698385587 0.477329171345 0.221812659338 
0.536928621947 0.720769375526 0.0 0.0 
0.54401353085 0.617114821779 0.40108787165 0.3100505867 
0.514525214552 0.635571980728 0.578893873208 0.398712331668 
0.486061669638 0.561887230675 0.612649771776 0.339461181804 
0.4618111154 0.540093894673 0.573516679005 0.440438654968 
0.553156579409 0.626202815108 0.453732343871 0.489373678973 
0.0 0.662338315241 0.812936925107 0.497898838858 
0.471369842666 0.938804978475 0.0 0.0 
0.529277028855 0.424895694491 0.466946515954 0.447858652915 
0.603544388948 0.414989033621 0.677745533626 0.315643088904 
0.557336007146 0.378060912692 0.446196068206 0.29629804365 
0.610597805816 0.534436739709 0.475719618966 0.184809614661 
0.562327239003 0.576964895907 0.58520785804 0.155294366684 
0.414941543692 0.693240405208 0.63583288603 0.0 
0.977169541988 0.105417454754 0.916377952745 0.0 
0.49537129198 0.427858837574 0.0 0.0 
0.526484922343 0.688458931638 0.674980522205 0.351541203793 
0.579339325753 0.513989988999 0.400325839626 0.204550677051 
0.50028202426 0.667677926117 0.580355303106 0.34676000702 
0.575093580507 0.471051336915 0.562318191898 0.304530137495 
0.831686271174 0.742078191717 0.876456089063 0.599443051913 
0.601894892458 0.484050758129 0.0 0.0 
0.563735484086 0.582445004577 0.675347157815 0.626989490036 
0.476207956749 0.658237896138 0.561290426442 0.530689825182 
0.590990744917 0.676417913107 0.529241817094 0.424266301281 
0.44311454625 0.702173146902 0.615603824509 0.264806432528 
0.486340859229 0.608031762742 0.550290498558 0.285300233273 
0.772811487579 0.639819808277 0.786610455901 0.445758177208 
0.33172542108 0.822602133943 0.0 0.0 
0.511167075488 0.562184231804 0.673379097465 0.587612433703 
0.573430548607 0.638366322876 0.837987516853 0.349928516526 
0.460520443387 0.626683137373 0.601286574314 0.405143518139 
0.532852050126 0.49403658312 0.85442158214 0.166342906756 
0.529988687441 0.50569748519 0.521893675921 0.36837014362 
0.411420963933 0.665628372432 0.0 0.206485388863 
0.455975727286 0.333649601743 0.0 0.0 
0.472973413612 0.589645390216 0.669815659356 0.47757273324 
0.431532126037 0.558962893577 0.748888824386 0.413937784826 
0.599667587226 0.508245156482 0.708071340162 0.210169496732 
0.465839379551 0.634707898611 0.704949436772 0.292116016693 
0.563150888607 0.599045089359 0.676919446339 0.251465566108 
0.961643104831 0.579750903638 0.543404772463 0.667888174572 
0.508336935705 0.617778664133 0.0 0.0 
0.530893473068 0.575977031177 0.806414460417 0.499105815705 
0.481214803073 0.527176110637 0.671708856739 0.453636306565 
0.4662883785 0.661041941346 0.663875530682 0.254283537304 
0.478509658594 0.539955401371 0.530628369639 0.430165930668 
0.531175932186 0.530528043353 0.539119297342 0.418578265512 
0.0 0.572675349542 0.826575037823 0.358334309107 
0.565257227009 0.673454708443 0.0 0.0 
0.555522214242 0.575312076278 0.61710201097 0.40799875278 
0.625824200465 0.666456413065 0.509580247966 0.418957557025 
0.623715314556 0.616413093257 0.666917622453 0.503547699256 
0.0 0.994667020525 0.0 0.763631252346 
0.646353731224 0.0 0.0 0.975246748323 
0.0 0.0 0.0 0.0 
0.640811668646 0.710945516596 0.515633278217 0.299735311532 
0.65319318267 0.707640505489 0.896078691514 0.318948939951 
0.541023382528 0.594374079902 0.726870357173 0.558636923821 
0.594484697207 0.619400718368 0.540074287865 0.388635596288 
0.647959751183 0.43747286945 0.674348318852 0.412743212048 
0.616128129521 0.470936291967 0.644034935941 0.128532237416 
0.229397438841 0.473070650363 0.570989388377 0.711898692982 
0.668587589752 0.958125574723 0.0 0.0 
0.500874976233 0.465973181666 0.584783858577 0.267165170612 
0.0 0.590313396405 0.541171580816 0.246807449464 
0.459597936777 0.554604590971 0.572879303155 0.0698762877945 
0.517855151893 0.586297932942 0.6009695034 0.259616255236 
0.584171407584 0.490001476612 0.92827850407 0.00112232390246 
0.565193015332 0.441658655321 0.645257862108 0.278523269164 
0.69562714826 0.434467662003 0.0 0.0 
0.616886431472 0.468016352751 0.33708844087 0.444729267121 
0.58351064066 0.554675003615 0.40662814372 0.487397605112 
0.570040100467 0.458020875209 0.552672673204 0.391559275707 
0.624572570028 0.526470505068 0.709498669936 0.475025164544 
0.558823597034 0.590845730581 0.842288209015 0.254788673819 
0.0 0.451463188022 0.468235229675 0.242458525446 
0.632562697665 0.573260674493 0.0 0.0 
0.585451555533 0.64175985167 0.582815233184 0.512331855375 
0.510295624263 0.63959235938 0.54876936894 0.00243846183314 
0.532436421547 0.675188828727 0.68408475514 0.403646998469 
0.537717047313 0.589082619156 0.81975791115 0.282905804478 
0.568776798522 0.466419485352 0.734458046032 0.664756470938 
0.299851985355 0.442630924416 0.134798396321 0.0131467235629 
0.477133720649 0.728618879082 0.832385185277 0.219419357279 
0.581878250589 0.713037626784 0.706920043429 0.385768234063 
0.521345980217 0.784889644706 0.373928356866 0.440071915048 
0.502275266285 0.611552830981 0.722187702233 0.521932422288 
0.556316602988 0.776878985319 0.595461028003 0.447603438223 
0.589336182196 0.625514076315 0.779723712305 0.749925704852 
0.776343055247 0.6892473184 0.749004986956 0.196252750208 
0.583348629334 0.748467048078 0.0 0.0 
0.578861050512 0.594968784756 0.641436512341 0.488987439602 
0.574400400397 0.721209443209 0.792799867545 0.265567441112 
0.511400646333 0.634987869284 0.789351999803 0.473215976241 
0.496325009344 0.477979250798 0.727499258714 0.5212564126 
0.557422977416 0.585322067036 0.691933260116 0.546486790344 
0.867073634399 0.472340094609 0.722080221289 0.01117032557 
0.529211644923 0.682155975711 0.0 0.0908327812964 
0.561308299891 0.543556395205 0.664625163454 0.472087178599 
0.591629020876 0.622079742419 0.803971281434 0.369075393652 
0.560282066 0.669173139068 0.737843848077 0.22704190071 
0.581430291058 0.538042133813 0.814139296541 0.272728802888 
0.611740055165 0.743362134921 0.442412318586 0.478296406878 
0.835217898634 0.526318433327 0.326047097931 0.61740579562 
0.533729637591 0.470533799366 0.0 0.0 
0.611187344799 0.676260293875 0.4882931427 0.335025386754 
0.5820827301 0.668189774579 0.258025247828 0.4271231339 
0.540668472914 0.495190336336 0.635335606588 0.507984031614 
0.619304632415 0.5088424601 0.676355743644 0.376917576912 
0.645257390687 0.597909596884 0.779167532485 0.00832097476737 
0.382450301485 0.615121191953 0.784253728614 0.135874756728 
0.622566432284 0.518215297587 0.0 0.742269405737 
0.607193002543 0.432927461826 0.718882103557 0.331062990386 
0.628539466554 0.711042628347 0.572661474178 0.382396891036 
0.55802766469 0.470875359165 0.448062303532 0.464406606148 
0.586321305756 0.355335832607 0.882751038422 0.418550483501 
0.613845604113 0.57975403492 0.539656440358 0.507774372118 
0.0 0.63705994927 0.958578583219 0.333982249377 
0.522880475537 0.279388900174 0.0 0.243222337284 
0.588293190513 0.513725008162 0.652505489629 0.431521958034 
0.601886537215 0.603736238353 0.638718419937 0.412070883557 
0.609686208844 0.496630871415 0.656802152913 0.492233033101 
0.642007517886 0.516290128343 0.728341553018 0.508884516562 
0.64815155397 0.48332592909 0.755130717136 0.265285652371 
0.724946341101 0.558529520382 0.43593272871 0.496384329478 
0.762210242525 0.880820256229 0.0 0.0 
0.611636794866 0.65193691304 0.654770918798 0.383401273182 
0.627837886106 0.801914921664 0.647180605102 0.255170035177 
0.60785348364 0.444106004706 0.484373053926 0.234156723957 
0.612256490574 0.548828052617 0.589641876007 0.450330273964 
0.608134220724 0.413926778145 0.843203439715 0.413529001219 
0.638357885264 0.570601264082 0.834139118542 0.409687209306 
0.544753528166 0.233532166858 0.969879863209 0.0 
0.578921336651 0.557229322065 0.633544474678 0.29830973321 
0.562716149893 0.512183911831 0.719235421998 0.453356951466 
0.615339487577 0.566396947065 0.743572746848 0.522277084159 
0.59587579321 0.546587611739 0.573210908283 0.246660264544 
0.597730055466 0.530689290469 0.556415066629 0.480373175056 
0.520672146883 0.724796028302 0.693686726654 0.636704228746 
0.66759666597 0.727035114452 0.902407544273 0.0 
0.649174135263 0.610229715643 0.723625399199 0.39111005024 
0.555911912379 0.43261215247 0.689070085417 0.397717353264 
0.577030224291 0.431261679968 0.136197109085 0.656902290624 
0.633095882502 0.546484004264 0.483991205757 0.424339100668 
0.530936583386 0.561975450682 0.723503023596 0.749911815131 
0.0 0.625512806574 0.0 0.520006966966 
0.732471048943 0.602068745864 0.0 0.0 
0.572182068729 0.805574083419 0.999377197957 0.258989893155 
0.551385474337 0.805619159988 0.940873545542 0.488929584747 
0.618497601307 0.574895078046 0.861587080916 0.457702460191 
0.561953498266 0.721860606705 0.0 0.0 
0.0 0.36076589864 0.0 0.0 
0.580482713027 0.0 0.0 0.0 
0.511144402777 0.44965157492 0.81932850481 0.535576714936 
0.508065033114 0.773273092417 0.617387621966 0.337352736254 
0.529098558768 0.484336254271 0.673837860199 0.56113485033 
0.509687373129 0.836061908296 0.624575886736 0.543892194305 
0.565522125362 0.695532473999 0.946051334075 0.465167199095 
0.631355766527 0.645574700016 0.880220114782 0.336333509167 
0.708971755732 0.683575003774 0.0 0.607524710043 
0.592594184133 0.457523791165 0.0 0.0 
0.626525074995 0.451434777386 0.470988793694 0.352395429379 
0.572780554249 0.484055732804 0.95842029172 0.522839883499 
0.529478632431 0.530936434564 0.98953350607 0.388429343389 
0.538409462254 0.581837945708 0.947975240169 0.596156069363 
0.584503437071 0.594687334434 0.821908280063 0.49440808325 
0.315235382035 0.318011366001 0.0 0.0 
0.0 0.642948503478 0.0 0.0 
0.0 0.720737566462 0.0 0.0 
0.0 0.27525394559 0.0 0.998560234141 
0.0 0.0 0.0 0.918707397803 
0.0 0.0 0.0 0.41558589507 
0.598751569389 0.0 0.0 0.0 
0.574227172247 0.407000258146 0.0 0.49829828233 
0.504814723977 0.603805577047 0.884530271251 0.196578305823 
0.552707850478 0.709114890245 0.64747507103 0.54223797425 
0.562732634248 0.625997872144 0.705522076099 0.366453198807 
0.624325437866 0.470406972615 0.601724550756 0.418554435051 
0.583886057922 0.443443620138 0.386075989141 0.462981206833 
0.589389584572 0.54049120338 0.408745469786 0.733844601836 
0.975921753236 0.516838427071 0.817290145479 0.0 
0.630975509844 0.943530924546 0.0 0.0 
0.606086320514 0.534826129219 0.724488381614 0.312952281713 
0.632879853326 0.702630310277 0.80094432195 0.5896661654 
0.594605912679 0.596179090482 0.88114369743 0.810604832422 
0.587886455031 0.537806166533 0.814907308436 0.464723115736 
0.640476094873 0.526663012548 0.788978441909 0.250795057192 
0.290676391488 0.553713673404 0.986673968073 0.454839743441 
0.712222192334 0.511401236949 0.0 0.0 
0.0 0.548375341715 0.671306050067 0.357868036373 
0.640718519062 0.583649668129 0.986267805937 0.312157474719 
0.632142771952 0.392479602503 0.641875234699 0.571839800062 
0.624363479518 0.834514224943 0.786512709958 0.573886924282 
0.661976876053 0.580351804261 0.408281154087 0.170775242412 
0.472728610573 0.768897136553 0.857740623518 0.558668633161 
0.660455055461 0.621993423047 0.0 0.0 
0.640237798285 0.729899131572 0.88701229402 0.336492177039 
0.621526001185 0.675377935499 0.436411331652 0.466369311387 
0.564654657863 0.555637977043 0.874676709242 0.536864877701 
0.574252727081 0.556118290845 0.495683679379 0.594243030048 
0.575720940107 0.441141628035 0.555947505474 0.165116603837 
0.0 0.66610747318 0.997119786298 0.0 
0.553852980179 0.827951693393 0.0 0.0 
0.607066102251 0.463839132901 0.704100027662 0.509004504833 
0.5880436277 0.359170610697 0.732169511228 0.136192633348 
0.581163888024 0.642871753055 0.470225180404 0.47200891998 
0.618829731985 0.628231917595 0.824693868375 0.127288584918 
0.598811382498 0.471177104878 0.0 0.460790644559 
0.498722519365 0.7150202876 0.0 0.172363165587 
0.645032702009 0.770973674794 0.0 0.0 
0.569591237422 0.66412320646 0.634252442154 0.702335495616 
0.586364622155 0.566386079473 0.503664558705 0.327168754592 
0.0 0.704645736115 0.0761544837376 0.625269510133 
0.51942418557 0.566992909512 0.244916560905 0.858437074816 
0.603278082749 0.607377088954 0.863761959673 0.61615965505 
0.0 0.756632217292 0.0 0.512595346646 
0.513604826536 0.791308074102 0.0 0.153404807363 
0.564252883856 0.52542954788 0.298316768269 0.316745333563 
0.604645556983 0.668357014908 0.357391433508 0.46896754634 
0.584829723483 0.589504963321 0.98203277149 0.458478482596 
0.598677900246 0.689773996431 0.806880327663 0.258619655282 
0.534171971389 0.467977900901 0.0 0.5477101213 
0.612349249451 0.312538565177 0.0 0.0 
0.662475693517 0.462489882194 0.0 0.0 
0.598826449912 0.509855863679 0.911884047482 0.366021014335 
0.603586278862 0.556916818548 0.693156745266 0.374210272245 
0.486047508768 0.52917658477 0.729410059146 0.259057302657 
0.592444207899 0.648469381848 0.712744222981 0.148528213788 
0.585942648008 0.477431865521 0.0 0.0 
0.0 0.675627210935 0.0 0.0 
0.562818500081 0.706325521579 0.0 0.0 
0.504351016325 0.683951003872 0.0 0.966181184177 
0.575032783327 0.757383168354 0.0 0.0 
0.516909033562 0.508574288257 0.0 0.704097728434 
0.558438713366 0.522797809118 0.0 0.774629940416 
0.555885409747 0.449337489979 0.0 0.907820256357 
0.276814625652 0.587642030602 0.0 0.0 
0.482402396203 0.688583602153 0.0 0.999406325657 
0.545219258607 0.53563381114 0.0 0.503806470063 
0.602474735685 0.542924422124 0.0 0.0832174869766 
0.600643973771 0.472239696481 0.0 0.789579791942 
0.554977557189 0.728348439088 0.0 0.0 
0.620801663344 0.567649205619 0.0 0.0 
0.994902567129 0.719281282018 0.0 0.414484819259 
0.475229671681 0.719354001742 0.0 0.657135551088 
0.588363987213 0.575014331971 0.0 0.276741104667 
0.618681097883 0.532360926559 0.999126013797 0.337868514798 
0.547409308305 0.495113878621 0.0 0.958303411928 
0.526209809506 0.678002015045 0.0 0.592206419862 
0.563031169307 0.570469153493 0.0 0.941702843515 
0.570785635655 0.546349657713 0.668965440229 0.0 
0.637862513796 0.500792249464 0.0 0.9729507736 
0.607004228555 0.465471706004 0.809974631259 0.630157062952 
0.521045088206 0.750009693961 0.99209572783 0.115901096814 
0.520868499822 0.834027795283 0.659810283391 0.0 
0.435081556909 0.657194285017 0.0 0.40732241539 
0.523120494529 0.467305520466 0.0 0.133698002896 
0.194923514782 0.687727034406 0.0 0.0 
